# raw python output with conditions of:
# - at least 4 numbers in a row
# last item in list is the amount of unique factors each number has (excluding the number itself and 1)
  # see a lot of 6s?
# second last item in list is amount of numbers in 'group' of consecutive numbers with identical amount of factors
# searched up to 300,000

[0, 1, 2, 3, 4, 0]
[242, 243, 244, 245, 4, 4]
[3655, 3656, 3657, 3658, 4, 6]
[4503, 4504, 4505, 4506, 4, 6]
[5943, 5944, 5945, 5946, 4, 6]
[6853, 6854, 6855, 6856, 4, 6]
[7256, 7257, 7258, 7259, 4, 6]
[8392, 8393, 8394, 8395, 4, 6]
[9367, 9368, 9369, 9370, 4, 6]
[10983, 10984, 10985, 10986, 4, 6]
[11605, 11606, 11607, 11608, 11609, 5, 6]
[12565, 12566, 12567, 12568, 4, 6]
[12855, 12856, 12857, 12858, 12859, 5, 6]
[12872, 12873, 12874, 12875, 4, 6]
[13255, 13256, 13257, 13258, 4, 6]
[13782, 13783, 13784, 13785, 13786, 5, 6]
[14312, 14313, 14314, 14315, 4, 6]
[16133, 16134, 16135, 16136, 4, 6]
[17095, 17096, 17097, 17098, 4, 6]
[18469, 18470, 18471, 18472, 4, 6]
[19045, 19046, 19047, 19048, 4, 6]
[19142, 19143, 19144, 19145, 19146, 5, 6]
[19940, 19941, 19942, 19943, 4, 10]
[20165, 20166, 20167, 20168, 4, 6]
[20965, 20966, 20967, 20968, 4, 6]
[21368, 21369, 21370, 21371, 4, 6]
[21494, 21495, 21496, 21497, 21498, 5, 6]
[21512, 21513, 21514, 21515, 4, 6]
[22855, 22856, 22857, 22858, 4, 6]
[23989, 23990, 23991, 23992, 4, 6]
[26885, 26886, 26887, 26888, 4, 6]
[28135, 28136, 28137, 28138, 4, 6]
[28374, 28375, 28376, 28377, 28378, 28379, 6, 6]
[29605, 29606, 29607, 29608, 4, 6]
[30583, 30584, 30585, 30586, 4, 6]
[31735, 31736, 31737, 31738, 4, 6]
[31910, 31911, 31912, 31913, 4, 6]
[32005, 32006, 32007, 32008, 4, 6]
[32792, 32793, 32794, 32795, 4, 6]
[33062, 33063, 33064, 33065, 4, 6]
[33608, 33609, 33610, 33611, 4, 6]
[33845, 33846, 33847, 33848, 4, 6]
[34069, 34070, 34071, 34072, 4, 6]
[36392, 36393, 36394, 36395, 4, 6]
[37256, 37257, 37258, 37259, 4, 6]
[40311, 40312, 40313, 40314, 40315, 5, 6]
[41335, 41336, 41337, 41338, 4, 6]
[42805, 42806, 42807, 42808, 42809, 5, 6]
[43304, 43305, 43306, 43307, 4, 6]
[43526, 43527, 43528, 43529, 4, 6]
[43766, 43767, 43768, 43769, 4, 6]
[44213, 44214, 44215, 44216, 4, 6]
[45686, 45687, 45688, 45689, 4, 6]
[45733, 45734, 45735, 45736, 4, 6]
[47845, 47846, 47847, 47848, 4, 6]
[48054, 48055, 48056, 48057, 4, 6]
[49147, 49148, 49149, 49150, 4, 10]
[49765, 49766, 49767, 49768, 4, 6]
[50582, 50583, 50584, 50585, 50586, 5, 6]
[51752, 51753, 51754, 51755, 4, 6]
[54103, 54104, 54105, 54106, 4, 6]
[54585, 54586, 54587, 54588, 4, 10]
[54966, 54967, 54968, 54969, 4, 6]
[55063, 55064, 55065, 55066, 4, 6]
[55254, 55255, 55256, 55257, 55258, 5, 6]
[55976, 55977, 55978, 55979, 4, 6]
[56343, 56344, 56345, 56346, 4, 6]
[58952, 58953, 58954, 58955, 4, 6]
[59815, 59816, 59817, 59818, 4, 6]
[60231, 60232, 60233, 60234, 60235, 5, 6]
[60663, 60664, 60665, 60666, 60667, 5, 6]
[61142, 61143, 61144, 61145, 4, 6]
[62343, 62344, 62345, 62346, 4, 6]
[65334, 65335, 65336, 65337, 4, 6]
[66952, 66953, 66954, 66955, 4, 6]
[67015, 67016, 67017, 67018, 4, 6]
[68104, 68105, 68106, 68107, 4, 6]
[69303, 69304, 69305, 69306, 4, 6]
[71095, 71096, 71097, 71098, 4, 6]
[73927, 73928, 73929, 73930, 4, 6]
[74053, 74054, 74055, 74056, 4, 6]
[76262, 76263, 76264, 76265, 4, 6]
[76982, 76983, 76984, 76985, 4, 6]
[77432, 77433, 77434, 77435, 4, 6]
[78535, 78536, 78537, 78538, 4, 6]
[78872, 78873, 78874, 78875, 4, 6]
[79094, 79095, 79096, 79097, 79098, 5, 6]
[79591, 79592, 79593, 79594, 4, 6]
[80726, 80727, 80728, 80729, 4, 6]
[82855, 82856, 82857, 82858, 4, 6]
[84469, 84470, 84471, 84472, 4, 6]
[86887, 86888, 86889, 86890, 4, 6]
[87655, 87656, 87657, 87658, 87659, 5, 6]
[87896, 87897, 87898, 87899, 4, 6]
[90181, 90182, 90183, 90184, 90185, 90186, 6, 6]
[91495, 91496, 91497, 91498, 4, 6]
[93063, 93064, 93065, 93066, 4, 6]
[94262, 94263, 94264, 94265, 4, 6]
[94645, 94646, 94647, 94648, 4, 6]
[95384, 95385, 95386, 95387, 4, 6]
[95414, 95415, 95416, 95417, 4, 6]
[95512, 95513, 95514, 95515, 4, 6]
[95845, 95846, 95847, 95848, 95849, 5, 6]
[97255, 97256, 97257, 97258, 4, 6]
[98102, 98103, 98104, 98105, 4, 6]
[98984, 98985, 98986, 98987, 4, 6]
[99655, 99656, 99657, 99658, 99659, 5, 6]
[100711, 100712, 100713, 100714, 4, 6]
[100952, 100953, 100954, 100955, 4, 6]
[101125, 101126, 101127, 101128, 4, 6]
[103352, 103353, 103354, 103355, 4, 6]
[103621, 103622, 103623, 103624, 103625, 5, 6]
[104222, 104223, 104224, 104225, 4, 10]
[104744, 104745, 104746, 104747, 4, 6]
[104870, 104871, 104872, 104873, 4, 6]
[105301, 105302, 105303, 105304, 4, 6]
[107365, 107366, 107367, 107368, 4, 6]
[108902, 108903, 108904, 108905, 4, 6]
[109191, 109192, 109193, 109194, 4, 6]
[109765, 109766, 109767, 109768, 109769, 5, 6]
[112567, 112568, 112569, 112570, 4, 6]
[113942, 113943, 113944, 113945, 4, 6]
[115591, 115592, 115593, 115594, 115595, 5, 6]
[115912, 115913, 115914, 115915, 4, 6]
[116965, 116966, 116967, 116968, 4, 6]
[117032, 117033, 117034, 117035, 4, 6]
[118069, 118070, 118071, 118072, 4, 6]
[118261, 118262, 118263, 118264, 4, 6]
[118615, 118616, 118617, 118618, 4, 6]
[118923, 118924, 118925, 118926, 4, 10]
[120727, 120728, 120729, 120730, 120731, 5, 6]
[120965, 120966, 120967, 120968, 4, 6]
[121045, 121046, 121047, 121048, 121049, 5, 6]
[122151, 122152, 122153, 122154, 122155, 5, 6]
[122871, 122872, 122873, 122874, 122875, 5, 6]
[123944, 123945, 123946, 123947, 4, 6]
[124663, 124664, 124665, 124666, 4, 6]
[125335, 125336, 125337, 125338, 4, 6]
[129829, 129830, 129831, 129832, 4, 6]
[130135, 130136, 130137, 130138, 4, 6]
[131815, 131816, 131817, 131818, 4, 6]
[133624, 133625, 133626, 133627, 4, 6]
[134582, 134583, 134584, 134585, 4, 6]
[136375, 136376, 136377, 136378, 4, 6]
[136825, 136826, 136827, 136828, 4, 10]
[139863, 139864, 139865, 139866, 4, 6]
[141654, 141655, 141656, 141657, 4, 6]
[142454, 142455, 142456, 142457, 142458, 5, 6]
[142806, 142807, 142808, 142809, 142810, 5, 6]
[143365, 143366, 143367, 143368, 4, 6]
[145352, 145353, 145354, 145355, 4, 6]
[146936, 146937, 146938, 146939, 4, 6]
[151285, 151286, 151287, 151288, 4, 6]
[152102, 152103, 152104, 152105, 4, 6]
[152552, 152553, 152554, 152555, 4, 6]
[152630, 152631, 152632, 152633, 152634, 5, 6]
[153461, 153462, 153463, 153464, 4, 6]
[153543, 153544, 153545, 153546, 4, 14]
[153703, 153704, 153705, 153706, 4, 6]
[153992, 153993, 153994, 153995, 4, 6]
[157493, 157494, 157495, 157496, 157497, 157498, 6, 6]
[157910, 157911, 157912, 157913, 4, 6]
[158216, 158217, 158218, 158219, 4, 6]
[158342, 158343, 158344, 158345, 4, 6]
[160934, 160935, 160936, 160937, 4, 6]
[162295, 162296, 162297, 162298, 4, 6]
[164982, 164983, 164984, 164985, 4, 14]
[165542, 165543, 165544, 165545, 4, 6]
[166791, 166792, 166793, 166794, 4, 6]
[167671, 167672, 167673, 167674, 4, 6]
[169112, 169113, 169114, 169115, 4, 6]
[169141, 169142, 169143, 169144, 4, 6]
[169813, 169814, 169815, 169816, 4, 6]
[171893, 171894, 171895, 171896, 171897, 171898, 171899, 7, 6]
[172501, 172502, 172503, 172504, 4, 6]
[173893, 173894, 173895, 173896, 4, 6]
[173912, 173913, 173914, 173915, 4, 6]
[174054, 174055, 174056, 174057, 174058, 5, 6]
[174872, 174873, 174874, 174875, 4, 6]
[175143, 175144, 175145, 175146, 175147, 5, 6]
[178086, 178087, 178088, 178089, 178090, 5, 14]
[180901, 180902, 180903, 180904, 180905, 5, 6]
[180965, 180966, 180967, 180968, 180969, 180970, 180971, 7, 6]
[181207, 181208, 181209, 181210, 4, 6]
[182215, 182216, 182217, 182218, 4, 6]
[183205, 183206, 183207, 183208, 183209, 5, 6]
[183554, 183555, 183556, 183557, 4, 10]
[183685, 183686, 183687, 183688, 4, 6]
[184327, 184328, 184329, 184330, 184331, 5, 6]
[185815, 185816, 185817, 185818, 4, 6]
[186231, 186232, 186233, 186234, 4, 6]
[186951, 186952, 186953, 186954, 186955, 5, 6]
[188293, 188294, 188295, 188296, 188297, 5, 6]
[191943, 191944, 191945, 191946, 191947, 5, 6]
[192728, 192729, 192730, 192731, 4, 6]
[194695, 194696, 194697, 194698, 4, 6]
[197463, 197464, 197465, 197466, 4, 6]
[198776, 198777, 198778, 198779, 4, 6]
[198806, 198807, 198808, 198809, 4, 6]
[199111, 199112, 199113, 199114, 199115, 5, 6]
[199255, 199256, 199257, 199258, 4, 6]
[199733, 199734, 199735, 199736, 4, 6]
[199832, 199833, 199834, 199835, 4, 6]
[201512, 201513, 201514, 201515, 4, 6]
[201943, 201944, 201945, 201946, 4, 6]
[203432, 203433, 203434, 203435, 4, 14]
[203621, 203622, 203623, 203624, 4, 6]
[204323, 204324, 204325, 204326, 204327, 5, 10]
[204806, 204807, 204808, 204809, 4, 6]
[206390, 206391, 206392, 206393, 4, 6]
[206552, 206553, 206554, 206555, 4, 6]
[210133, 210134, 210135, 210136, 210137, 210138, 6, 6]
[211592, 211593, 211594, 211595, 4, 6]
[212005, 212006, 212007, 212008, 212009, 5, 6]
[214885, 214886, 214887, 214888, 4, 6]
[217144, 217145, 217146, 217147, 4, 6]
[217526, 217527, 217528, 217529, 4, 6]
[218695, 218696, 218697, 218698, 4, 6]
[219063, 219064, 219065, 219066, 4, 14]
[220232, 220233, 220234, 220235, 4, 6]
[220405, 220406, 220407, 220408, 4, 6]
[223687, 223688, 223689, 223690, 4, 6]
[223861, 223862, 223863, 223864, 4, 6]
[223976, 223977, 223978, 223979, 4, 6]
[224005, 224006, 224007, 224008, 4, 6]
[224776, 224777, 224778, 224779, 4, 6]
[225463, 225464, 225465, 225466, 225467, 5, 6]
[226792, 226793, 226794, 226795, 4, 6]
[227576, 227577, 227578, 227579, 4, 6]
[229015, 229016, 229017, 229018, 4, 6]
[229352, 229353, 229354, 229355, 4, 6]
[229685, 229686, 229687, 229688, 4, 6]
[230167, 230168, 230169, 230170, 4, 6]
[230869, 230870, 230871, 230872, 4, 6]
[231413, 231414, 231415, 231416, 4, 6]
[233942, 233943, 233944, 233945, 4, 6]
[234615, 234616, 234617, 234618, 4, 6]
[235112, 235113, 235114, 235115, 4, 6]
[235495, 235496, 235497, 235498, 235499, 5, 6]
[236006, 236007, 236008, 236009, 4, 6]
[236245, 236246, 236247, 236248, 236249, 5, 6]
[236792, 236793, 236794, 236795, 4, 6]
[237031, 237032, 237033, 237034, 4, 6]
[237063, 237064, 237065, 237066, 4, 6]
[238694, 238695, 238696, 238697, 4, 6]
[240904, 240905, 240906, 240907, 4, 6]
[243415, 243416, 243417, 243418, 4, 6]
[243445, 243446, 243447, 243448, 4, 6]
[244742, 244743, 244744, 244745, 4, 6]
[246294, 246295, 246296, 246297, 4, 14]
[246631, 246632, 246633, 246634, 246635, 5, 6]
[248311, 248312, 248313, 248314, 4, 6]
[248504, 248505, 248506, 248507, 4, 6]
[249445, 249446, 249447, 249448, 4, 6]
[249512, 249513, 249514, 249515, 4, 6]
[251751, 251752, 251753, 251754, 251755, 5, 6]
[252967, 252968, 252969, 252970, 4, 14]
[253014, 253015, 253016, 253017, 253018, 5, 6]
[258008, 258009, 258010, 258011, 4, 6]
[259205, 259206, 259207, 259208, 4, 6]
[261734, 261735, 261736, 261737, 4, 6]
[261992, 261993, 261994, 261995, 4, 6]
[262661, 262662, 262663, 262664, 4, 6]
[262932, 262933, 262934, 262935, 4, 10]
[263765, 263766, 263767, 263768, 263769, 5, 6]
[264296, 264297, 264298, 264299, 4, 6]
[264952, 264953, 264954, 264955, 4, 6]
[266485, 266486, 266487, 266488, 4, 6]
[266869, 266870, 266871, 266872, 4, 6]
[267655, 267656, 267657, 267658, 4, 6]
[268021, 268022, 268023, 268024, 4, 6]
[268933, 268934, 268935, 268936, 4, 6]
[269912, 269913, 269914, 269915, 4, 6]
[270181, 270182, 270183, 270184, 4, 6]
[270613, 270614, 270615, 270616, 4, 6]
[271526, 271527, 271528, 271529, 4, 6]
[272455, 272456, 272457, 272458, 4, 6]
[273368, 273369, 273370, 273371, 4, 6]
[274088, 274089, 274090, 274091, 4, 6]
[277543, 277544, 277545, 277546, 4, 6]
[277624, 277625, 277626, 277627, 4, 6]
[279302, 279303, 279304, 279305, 4, 6]
[279542, 279543, 279544, 279545, 4, 14]
[280230, 280231, 280232, 280233, 4, 14]
[280712, 280713, 280714, 280715, 4, 6]
[282055, 282056, 282057, 282058, 4, 6]
[282245, 282246, 282247, 282248, 4, 6]
[282584, 282585, 282586, 282587, 4, 6]
[283496, 283497, 283498, 283499, 4, 6]
[284581, 284582, 284583, 284584, 4, 6]
[285413, 285414, 285415, 285416, 4, 6]
[287029, 287030, 287031, 287032, 4, 6]
[287704, 287705, 287706, 287707, 4, 6]
[287814, 287815, 287816, 287817, 4, 6]
[288085, 288086, 288087, 288088, 4, 6]
[290981, 290982, 290983, 290984, 4, 6]
[291781, 291782, 291783, 291784, 4, 6]
[292853, 292854, 292855, 292856, 4, 6]
[293029, 293030, 293031, 293032, 4, 6]
[294085, 294086, 294087, 294088, 4, 6]
[295014, 295015, 295016, 295017, 295018, 5, 6]
[295352, 295353, 295354, 295355, 4, 6]
[296453, 296454, 296455, 296456, 4, 6]
[298694, 298695, 298696, 298697, 298698, 298699, 6, 6]
[298903, 298904, 298905, 298906, 4, 6]
[299863, 299864, 299865, 299866, 4, 6]
